1 Cb-Bf-l-u
0 Cb-Bf-u-B
26 Cm-Ar-l
25 Cm-Ar-lw
27 Cm-Ar-uWf
19 Cm-BC
32 Cm-Ca
34 Cm-G
20 Cm-L
28 Cm-La
18 Cm-M
29 Cm-MD
33 Cm-Na
31 Cm-Pk
23 Cm-Su-l
22 Cm-Su-s
21 Cm-Su-u
30 Cm-T
24 Cm-rim
14 CmOd-MK-ua
15 CmOd-MK-ub
16 CmOd-MK-uc
17 CmOd-SP
7 Dv-A
6 Dv-MH
5 Dv-PMH
3 Dv-Pa
4 Dv-Ss
2 DvCb-EBf-l-lm
11 Od-Gl-m
12 Od-Gt
9 Od-OC
10 Od-Sk
13 Od-Tp
8 OdSl-B
35 Pt-M

0 1 0
0 2 0
0 3 0
1 2 0
1 3 0
2 3 0
3 4 0
3 5 0
3 7 0
3 10 0
3 17 0
4 5 0
4 6 0
4 7 0
4 10 0
4 17 0
5 6 0
5 7 0
5 10 0
5 17 0
6 7 0
6 17 0
7 8 0
7 9 0
7 10 0
7 13 0
7 17 0
8 9 0
8 10 0
9 10 0
10 11 0
10 13 0
10 17 0
11 12 0
12 13 0
12 16 0
13 14 0
13 16 0
13 17 0
14 15 0
14 16 0
15 16 0
15 17 0
16 17 0
16 18 0
17 18 0
17 19 0
17 20 0
18 19 0
18 20 0
19 20 0
20 21 0
20 23 0
21 22 0
21 23 0
21 27 0
22 23 0
22 24 0
22 27 0
23 24 0
23 27 0
23 28 0
23 34 0
24 25 0
24 27 0
24 28 0
24 31 0
24 32 0
25 28 0
26 27 0
26 31 0
27 31 0
27 34 0
28 29 0
28 31 0
29 30 0
29 31 0
30 31 0
31 32 0
31 34 0
32 33 0
32 34 0
33 34 0
34 35 0
0 10 0
0 13 0
0 17 0
1 13 0
1 17 0
2 17 0
3 34 0
3 35 0
4 35 0
5 35 0
7 35 0
10 35 0
17 32 0
17 34 0
17 35 0
18 35 0
20 32 0
20 35 0
23 32 0
23 35 0
26 32 0
27 32 0
27 35 0
30 32 0
30 33 0
30 34 0
31 35 0
32 35 0
