1 Cb-Bf-l-u
0 Cb-Bf-u-B
26 Cm-Ar-l
25 Cm-Ar-lw
27 Cm-Ar-uWf
32 Cm-Ca
34 Cm-G
20 Cm-L
28 Cm-La
18 Cm-M
29 Cm-MD
33 Cm-Na
31 Cm-Pk
23 Cm-Su-l
30 Cm-T
24 Cm-rim
17 CmOd-SP
7 Dv-A
6 Dv-MH
5 Dv-PMH
3 Dv-Pa
4 Dv-Ss
2 DvCb-EBf-l-lm
10 Od-Sk
13 Od-Tp
8 OdSl-B
35 Pt-M

0 3 0
2 3 0
3 10 0
3 17 0
4 17 0
6 17 0
7 8 0
7 17 0
10 17 0
23 28 0
24 28 0
24 31 0
25 28 0
27 31 0
29 31 0
30 31 0
31 32 0
32 34 0
34 35 0
0 10 0
0 13 0
0 17 0
1 13 0
1 17 0
2 17 0
3 34 0
3 35 0
4 35 0
5 35 0
7 35 0
10 35 0
17 32 0
17 34 0
17 35 0
18 35 0
20 32 0
20 35 0
23 32 0
23 35 0
26 32 0
27 32 0
27 35 0
30 32 0
30 33 0
30 34 0
31 35 0
32 35 0
