0 6676.52 2070 2070 0 Cm-Ar-lw
1 8644.06 1580 1580 0 CmOd-MK-ua
2 10267.6 1430 1430 0 Od-Gl-m
3 12854.2 1440 1440 0 Od-Gt
4 14702.4 1590 1590 0 CmOd-MK-ub
5 14951.3 1410 1410 0 Od-OC
6 19230.7 753 753 0 Cb-Bf-u-B
7 19320.5 2190 2190 0 Cm-La
8 20383.8 1400 1400 0 OdSl-B
9 21180.7 1045 1045 0 Dv-MH
10 24334.7 756 756 0 Cb-Bf-l-u
11 28156.6 760 760 0 DvCb-EBf-l-lm
12 28862.7 2095 2095 0 Cm-Ar-l
13 29195.9 1040 1040 0 Dv-PMH
14 31176.7 2420 2420 0 Cm-T
15 35116.9 1985 1985 0 Cm-Su-s
16 35882 2065 2065 0 Cm-rim
17 36750.3 1600 1600 0 CmOd-MK-uc
18 40860.1 2600 2600 0 Pt-M
19 53980.3 2350 2350 0 Cm-MD
20 60160.7 1030 1030 0 Dv-Ss
21 64627.6 1050 1050 0 Dv-A
22 66903.5 880 880 0 Dv-Pa
23 84441.2 1982 1982 0 Cm-Su-u
24 87431.3 1450 1450 0 Od-Tp
25 91590.7 1950 1950 0 Cm-M
26 96017.4 1420 1420 0 Od-Sk
27 98755 1955 1955 0 Cm-BC
28 104159 2580 2580 0 Cm-G
29 141566 1610 1610 0 CmOd-SP
30 141708 2540 2540 0 Cm-Na
31 144735 1970 1970 0 Cm-L
32 189496 2100 2100 0 Cm-Ar-uWf
33 208330 1990 1990 0 Cm-Su-l
34 231240 2525 2525 0 Cm-Ca
35 280710 2455 2455 0 Cm-Pk
