58 A-FO-od
49 A-FO-xb-s
55 A-FOh-xs-f[3]
56 A-FOj-s
31 A-FOj-xs-b
26 A-FOk-b[1]
23 A-FOm-b
21 A-FOt-xb-k
53 A-GCe-ca
54 A-GR-gv
50 A-GR-mg[1]
25 A-HAc-kds
27 A-g-PBK
57 A-moa-P
22 AP_-_pj-ccx
10 CP-_pa-sepg[1]
6 E-_dv-od
19 K-_an-st[10]
2 K-_ca-sp
0 K-_fz-st[9]
5 K-_pr-sf
18 P-LI-s
17 P-_no-sf
16 P-_po-st
48 P_-BU-xs-k
28 P_-DIm-st
37 P_-DIt-ss
33 P_-DIw-ss
52 P_-LA-xs-k
1 P_-LAm-stq[8]
13 P_-LAp-kd[2]
12 P_-LAw-stq
15 P_-MN-s
44 P_-MNw-sf
32 P_-SUc-sg
34 P_-SUm-ss
42 P_-SUw-ss
43 P_-TA-sk
51 P_-TAa-kt
39 P_-TAb-st
38 P_-TAc-sg
47 P_-TAg-sg
29 P_-TAk-sp[3]
35 P_-TAn-kt
40 P_-TAo-ssqv
46 P_-TAw-ktsv
45 P_-TAy-sk
41 P_-TH-xs-kx
11 P_-THb-shh[20]
9 P_-THc-stq[1]
4 P_-THt-sta
36 P_-_bo-sepg
3 P_-_cr-g
30 P_-_is-kx[9]
14 P_-_ya-mls[1]
7 P_-md-PTRB[1]
8 P_-mgnu-PTRO
20 P_-xg-mn-PTRT[5]
24 P_-xmb-md-PTRC[9]

0 5 1
0 19 1
1 13 1
3 1 0
2 5 1
2 19 1
2 3 0
2 1 0
2 10 0
2 16 0
2 18 0
2 17 0
2 13 0
3 12 0
3 13 0
4 7 0
4 9 1
5 19 1
8 7 0
9 7 0
9 8 0
4 8 0
9 24 0
9 43 0
10 4 0
10 8 0
10 24 0
8 14 0
6 22 0
6 15 0
12 13 1
10 12 0
10 13 0
11 7 0
10 1 0
15 22 0
9 11 1
17 16 0
19 16 0
16 10 0
18 17 0
19 17 0
19 18 0
19 20 0
19 10 0
19 29 0
29 20 0
10 29 0
10 20 0
21 27 0
10 22 0
22 25 0
44 22 0
15 26 0
15 27 0
15 21 0
42 15 0
10 15 0
15 23 0
10 23 0
31 23 0
23 26 0
25 23 0
22 23 0
7 14 1
10 7 0
10 14 0
10 11 0
11 43 0
11 30 0
11 52 0
28 34 0
29 24 0
10 9 0
10 3 0
3 30 0
1 30 0
10 30 0
41 24 0
10 26 0
10 31 0
10 51 0
10 25 0
10 52 0
10 53 0
10 46 0
10 56 0
34 32 0
33 37 1
36 34 0
37 35 0
35 40 1
8 24 0
2 48 0
37 40 0
37 36 0
37 43 0
41 8 0
38 43 1
25 31 0
22 31 0
39 47 1
39 46 1
40 38 1
43 46 1
43 48 0
43 39 1
43 47 1
10 43 0
37 45 0
37 34 0
37 39 0
47 44 0
10 47 0
10 39 0
40 45 1
45 39 1
46 47 1
47 15 0
10 6 0
47 25 0
44 15 0
6 47 0
6 44 0
10 45 0
51 23 0
56 23 0
10 48 0
44 25 0
47 50 0
47 55 0
47 54 0
47 57 0
49 50 0
26 53 0
46 26 0
10 44 0
51 22 0
50 57 0
23 55 0
51 25 0
21 26 0
26 55 0
55 53 0
55 54 0
25 56 0
50 54 0
55 50 0
22 56 0
58 55 0
4 24 0
17 10 0
15 31 0
32 15 0
28 36 0
28 37 1
41 29 0
29 48 0
9 14 0
9 20 0
20 8 0
32 42 1
33 38 0
33 34 0
16 11 0
37 48 0
40 43 1
37 38 0
38 45 1
44 50 0
47 31 0
34 43 0
23 50 0
31 26 0
51 26 0
22 53 0
22 26 0
9 46 0
