58 A-FO-od
55 A-FOh-xs-f[1]
56 A-FOj-s
31 A-FOj-xs-b
26 A-FOk-b
23 A-FOm-b
21 A-FOt-xb-k
53 A-GCe-ca
54 A-GR-gv
50 A-GR-mg
25 A-HAc-kds
27 A-g-PBK
22 AP_-_pj-ccx
10 CP-_pa-sepg[2]
6 E-_dv-od
19 K-_an-st[10]
2 K-_ca-sp
0 K-_fz-st[8]
18 P-LI-s
17 P-_no-sf
16 P-_po-st
48 P_-BU-xs-k
28 P_-DIm-st
37 P_-DIt-ss
33 P_-DIw-ss
1 P_-LAm-stq[29]
13 P_-LAp-kd[9]
12 P_-LAw-stq
15 P_-MN-s
44 P_-MNw-sf
32 P_-SUc-sg
34 P_-SUm-ss
42 P_-SUw-ss
43 P_-TA-sk
51 P_-TAa-kt
39 P_-TAb-st
38 P_-TAc-sg
47 P_-TAg-sg
29 P_-TAk-sp[1]
35 P_-TAn-kt
40 P_-TAo-ssqv
46 P_-TAw-ktsv
45 P_-TAy-sk
41 P_-TH-xs-kx
11 P_-THb-shh
9 P_-THc-stq[3]
4 P_-THt-sta
36 P_-_bo-sepg
3 P_-_cr-g
30 P_-_is-kx[3]
14 P_-_ya-mls[2]
7 P_-md-PTRB[2]
8 P_-mgnu-PTRO
20 P_-xg-mn-PTRT[2]
24 P_-xmb-md-PTRC[3]

0 19 1
2 17 0
3 13 0
4 9 1
6 25 0
8 7 0
9 7 0
9 8 0
9 24 0
9 43 0
10 8 0
11 24 0
8 14 0
6 22 0
6 15 0
12 13 1
13 30 0
11 7 0
15 22 0
15 25 0
9 11 1
18 17 0
17 9 0
18 9 0
18 10 0
18 16 0
18 30 0
18 11 0
29 20 0
21 27 0
10 22 0
22 25 0
44 22 0
15 27 0
15 21 0
37 15 0
46 15 0
34 15 0
10 15 0
39 15 0
15 23 0
10 23 0
31 23 0
23 26 0
25 23 0
22 23 0
24 7 1
7 14 1
10 7 0
43 7 0
26 27 0
11 8 0
11 38 0
11 43 0
11 47 0
11 39 0
11 46 0
11 45 0
28 34 0
28 48 0
29 24 0
29 43 1
10 9 0
1 30 0
16 9 0
10 30 0
20 24 0
41 24 0
43 24 0
10 26 0
10 25 0
33 37 1
33 40 0
33 43 0
36 34 0
35 43 1
8 24 0
11 20 0
16 20 0
36 48 0
37 36 0
37 43 0
25 31 0
22 31 0
39 47 1
38 39 1
9 45 0
9 39 0
43 48 0
37 45 0
37 34 0
46 44 0
47 44 0
44 23 0
39 44 0
10 47 0
10 39 0
46 47 1
46 31 0
46 23 0
10 6 0
6 44 0
51 23 0
44 25 0
47 26 0
9 47 0
26 50 0
46 26 0
10 44 0
23 55 0
31 53 0
31 55 0
26 55 0
22 55 0
55 54 0
25 56 0
50 54 0
26 54 0
55 50 0
58 50 0
22 56 0
4 24 0
17 10 0
15 31 0
32 15 0
28 36 0
28 37 1
41 29 0
29 48 0
9 14 0
9 20 0
20 8 0
32 42 1
33 38 0
33 34 0
16 11 0
37 48 0
40 43 1
37 38 0
38 45 1
44 50 0
47 31 0
34 43 0
23 50 0
31 26 0
51 26 0
22 53 0
22 26 0
9 46 0
