56 A-FOj-s
31 A-FOj-xs-b
26 A-FOk-b
23 A-FOm-b
53 A-GCe-ca
25 A-HAc-kds
22 AP_-_pj-ccx
10 CP-_pa-sepg
19 K-_an-st
2 K-_ca-sp
0 K-_fz-st
5 K-_pr-sf
18 P-LI-s
17 P-_no-sf
16 P-_po-st
48 P_-BU-xs-k
28 P_-DIm-st
37 P_-DIt-ss
52 P_-LA-xs-k
1 P_-LAm-stq
13 P_-LAp-kd
12 P_-LAw-stq
43 P_-TA-sk
51 P_-TAa-kt
39 P_-TAb-st
38 P_-TAc-sg
47 P_-TAg-sg
29 P_-TAk-sp
35 P_-TAn-kt
40 P_-TAo-ssqv
46 P_-TAw-ktsv
45 P_-TAy-sk
41 P_-TH-xs-kx
11 P_-THb-shh
9 P_-THc-stq
4 P_-THt-sta
36 P_-_bo-sepg
3 P_-_cr-g
30 P_-_is-kx
14 P_-_ya-mls
7 P_-md-PTRB
8 P_-mgnu-PTRO
20 P_-xg-mn-PTRT
24 P_-xmb-md-PTRC

0 5 1
0 19 1
1 13 1
3 1 0
2 5 1
2 19 1
2 3 0
2 1 0
2 10 0
2 16 0
2 18 0
2 17 0
2 13 0
3 12 0
3 13 0
4 9 1
5 19 1
9 7 0
9 8 0
9 24 0
9 43 0
4 8 0
10 8 0
11 24 0
8 14 0
12 13 1
10 12 0
10 13 0
13 30 0
8 7 0
11 7 0
10 1 0
9 11 1
17 16 0
19 16 0
16 10 0
18 17 0
19 17 0
17 9 0
19 18 0
18 9 0
18 10 0
18 16 0
18 30 0
18 11 0
19 20 0
19 10 0
19 29 0
29 20 0
10 29 0
10 20 0
10 23 0
24 7 1
7 14 1
10 7 0
43 7 0
10 14 0
11 8 0
10 11 0
11 38 0
11 43 0
11 47 0
11 30 0
11 39 0
11 52 0
11 46 0
11 45 0
28 48 0
29 24 0
29 43 1
10 9 0
10 3 0
3 30 0
1 30 0
16 9 0
10 30 0
20 24 0
41 24 0
43 24 0
10 26 0
10 22 0
10 31 0
10 51 0
10 25 0
10 52 0
10 53 0
10 46 0
10 56 0
35 43 1
8 24 0
2 48 0
11 20 0
16 20 0
36 48 0
41 8 0
38 43 1
43 46 1
43 48 0
43 39 1
43 47 1
10 43 0
10 48 0
4 24 0
17 10 0
41 29 0
29 48 0
9 14 0
9 20 0
20 8 0
16 11 0
37 43 0
37 48 0
40 43 1
