0 18107.7 2629 2775 1 A-FO-od
1 21364.1 2629 2775 1 A-FO-xb-s
2 22782.7 3016 3022 0 A-GCe-ca
3 33544.5 720 1000 0 P_-SUw-ss
4 42149.9 630 950 0 P_-LA-xs-k
5 43782.1 2895 3530 0 A-g-PBK
6 50292.7 2930 3530 1 A-moa-P
7 52035.9 650 911 0 P_-TH-xs-kx
8 55388.6 635 1000 0 P_-TAn-kt
9 56517.7 2715 2727 0 A-FOt-xb-k
10 67922.8 2629 2713 1 A-FOj-s
11 81262.7 541 635 0 P_-DIw-ss
12 91618.1 2763 2763 0 A-GR-gv
13 97653.3 113 145 0 K-_pr-sf
14 104870 1070 1170 0 P_-MNw-sf
15 137612 650 911 0 P_-THt-sta
16 158020 523 523 1 E-_dv-od
17 160234 635 1000 0 P_-TAo-ssqv
18 176120 635 1000 0 P_-TAa-kt
19 184931 720 1000 0 P_-SUc-sg
20 232573 541 720 0 P_-_bo-sepg
21 251222 541 635 0 P_-DIm-st
22 256089 1760 2500 0 P_-_ya-mls
23 261138 635 1000 0 P_-TAc-sg
24 280148 720 1000 0 P_-BU-xs-k
25 322073 635 1000 0 P_-TAy-sk
26 349386 635 1000 0 P_-TAb-st
27 362676 621 633 0 P_-_cr-g
28 372073 272.3 286 0 P-_no-sf
29 392297 720 850 0 P_-SUm-ss
30 407497 2757 2763 0 A-GR-mg
31 430242 635 1000 0 P_-TAk-sp
32 440722 2629 2713 1 A-FOj-xs-b
33 465923 635 1000 0 P_-TAw-ktsv
34 468789 541 635 0 P_-DIt-ss
35 485783 635 1000 0 P_-TAg-sg
36 511362 2749 2766 0 A-FOh-xs-f
37 521733 1760 2500 0 P_-xmb-md-PTRC
38 532639 287 292 0 P-_po-st
39 538680 1310 1590 0 P_-xg-mn-PTRT
40 547560 2735 2749 0 A-FOk-b
41 572151 630 950 0 P_-LAw-stq
42 605757 2713 2718 0 A-FOm-b
43 616572 252.17 272.3 0 P-LI-s
44 659498 635 1000 0 P_-TA-sk
45 666509 113 145 0 K-_fz-st
46 692861 630 950 0 P_-LAm-stq
47 741897 1070 1317 0 P_-MN-s
48 754329 858 1000 0 P_-_is-kx
49 881797 2504 2629 0 A-HAc-kds
50 899374 1760 2500 0 P_-md-PTRB
51 1.02999e+06 630 950 0 P_-LAp-kd
52 1.16329e+06 113 145 0 K-_ca-sp
53 1.19237e+06 1317 2630 0 AP_-_pj-ccx
54 1.31546e+06 1762 1801 0 P_-mgnu-PTRO
55 1.33327e+06 113 145 0 K-_an-st
56 1.71735e+06 650 911 0 P_-THb-shh
57 1.74786e+06 650 911 0 P_-THc-stq
58 2.6e+06 290.1 323.2 0 CP-_pa-sepg
