0, A-FO-od, {110}
1, A-FOh-xs-f, {63, 64, 95, 110, 130, 132, 136, 161}
2, A-FOj-s, {141}
3, A-FOj-xs-b, {2, 6, 21, 50, 52, 64, 70, 84, 87, 110, 130, 136, 141, 163, 185}
4, A-FOk-b, {21, 63, 64, 91, 110, 130, 132, 136, 161, 164}
5, A-FOm-b, {2, 6, 21, 50, 52, 64, 70, 84, 87, 110, 126, 136, 141, 163, 164, 185}
6, A-FOt-xb-k, {91}
7, A-GCe-ca, {130}
8, A-GR-gv, {63, 132}
9, A-GR-mg, {63, 64, 95, 110, 130, 132, 141, 161}
10, A-HAc-kds, {6, 21, 42, 52, 70, 87, 136, 141, 148, 158, 166}
11, A-g-PBK, {91, 170}
12, AP_-_pj-ccx, {6, 19, 21, 42, 50, 52, 64, 70, 87, 88, 116, 117, 127, 130, 136, 141, 142, 148, 150, 158, 166, 185}
13, CP-_pa-sepg, {1, 2, 12, 17, 47, 57, 59, 63, 64, 68, 77, 78, 79, 81, 84, 93, 97, 123, 129, 135, 136, 139, 143, 146, 148, 173, 193, 202}
14, E-_dv-od, {88, 117, 142, 150, 166, 193}
15, K-_an-st, {1, 75, 78, 80, 129, 201}
16, K-_ca-sp, {1, 57, 75, 79, 80, 135, 146, 202}
17, K-_fz-st, {75, 80, 201}
18, K-_pr-sf, {1}
19, P-LI-s, {75, 135, 202}
20, P-_no-sf, {75, 135}
21, P-_po-st, {77, 79, 135}
22, P_-BU-xs-k, {74, 78, 133, 204}
23, P_-DIm-st, {14, 17, 41, 46, 99, 121, 133, 162, 194, 204}
24, P_-DIt-ss, {13, 17, 36, 41, 66, 74, 83, 102, 121, 156, 184, 190, 194, 198, 204}
25, P_-DIw-ss, {36, 83, 99}
26, P_-LAm-stq, {81}
27, P_-LAp-kd, {1, 30, 77, 81}
28, P_-LAw-stq, {77}
29, P_-MN-s, {2, 18, 19, 38, 65, 69, 84, 88, 91, 107, 108, 116, 117, 124, 127, 140, 142, 148, 150, 158, 163, 166, 170, 193}
30, P_-MNw-sf, {42, 84, 141, 148, 193}
31, P_-SUc-sg, {38, 65, 69, 107, 108}
32, P_-SUm-ss, {13, 14, 36, 46, 99, 102, 108, 121, 124, 125, 140, 156, 190}
33, P_-SUw-ss, {38}
34, P_-TA-sk, {17, 20, 56, 78, 86, 90, 99, 105, 121, 125, 156, 157, 184, 198}
35, P_-TAa-kt, {136}
36, P_-TAb-st, {17, 36, 84, 86}
37, P_-TAc-sg, {17, 66, 83, 90, 99}
38, P_-TAg-sg, {2, 17, 42, 84, 97, 132, 146, 193}
39, P_-TAk-sp, {39, 44, 67, 78, 115, 129, 147, 152, 179, 203}
40, P_-TAo-ssqv, {17, 99, 184}
41, P_-TAw-ktsv, {2, 17, 18, 36, 63, 84, 126, 132}
42, P_-TAy-sk, {17, 66, 86}
43, P_-TH-xs-kx, {44, 49, 147, 179, 203}
44, P_-THb-shh, {16, 17, 20, 56, 68, 75, 78, 93, 105, 111, 114, 123, 143, 146, 157}
45, P_-THc-stq, {12, 16, 17, 20, 23, 24, 47, 59, 68, 75, 78, 85, 93, 97, 103, 105, 111, 114, 122, 128, 143, 145, 146, 157, 160, 169, 183, 195}
46, P_-THt-sta, {24, 58, 78}
47, P_-_bo-sepg, {14, 17, 41, 121, 194}
48, P_-_cr-g, {1}
49, P_-_is-kx, {79, 81, 202}
50, P_-_ya-mls, {12, 47, 51, 85, 93}
51, P_-md-PTRB, {3, 12, 22, 23, 24, 32, 47, 51, 56, 68, 78, 85, 89, 92, 93, 96, 98, 103, 118, 122, 123, 139, 145, 151, 160, 173, 178, 182, 183, 191}
52, P_-mgnu-PTRO, {3, 12, 22, 23, 24, 32, 33, 43, 47, 49, 51, 56, 68, 85, 89, 92, 93, 96, 98, 103, 114, 118, 122, 123, 128, 139, 143, 144, 145, 151, 160, 165, 173, 178, 182, 183, 191, 192, 203}
53, P_-xg-mn-PTRT, {16, 75, 111, 115, 128, 129, 135, 169, 181, 186, 195, 203}
54, P_-xmb-md-PTRC, {3, 8, 22, 33, 39, 43, 44, 49, 58, 67, 78, 89, 92, 128, 144, 147, 152, 165, 178, 179, 191, 192, 203}
