0.000172971
0.000259357
0.000278907
0.000281556
0.00030802
0.000358684
0.000412677
0.000441892
0.000525204
0.000577533
0.000607208
0.000633655
0.000664511
0.000759539
0.000985281
0.00100635
0.00102597
0.00104629
0.00106491
0.00122984
0.00129324
0.00130682
0.0015028
0.00159655
0.00168526
0.00199948
0.00205765
0.00223887
0.00250912
0.00256732
0.00282864
0.00297192
0.00320631
0.00329257
0.00338176
0.00389991
0.0039945
0.00412371
0.0042052
0.00428367
0.00448056
0.0045507
0.00472536
0.00578544
0.0057977
0.00629425
0.00653399
0.00658192
0.00678506
0.00725954
0.00744336
0.00758034
0.00765994
0.00782464
0.0078704
0.00791044
0.00807487
0.00853049
0.00885134
0.00929542
0.0093719
0.00961291
0.00996504
0.010748
0.012139
0.0122298
0.0124135
0.0124632
0.0125141
0.013732
0.0151187
0.0152977
0.0155336
0.0161067
0.0163332
0.0175111
0.019221
0.0194725
0.0219244
0.0229675
0.0243983
0.0244594
0.0252277
0.0263022
0.0263084
0.0268128
0.0282009
0.0285599
0.0307418
0.0315368
0.0376911
0.0402776
0.0415185
0.0431343
0.0471863
0.0484335
0.0487418
0.0495102
0.0516815
0.0551498
0.0622439
0.0661784
0.0732751
0.0740938
0.0779062
0.0806217
0.0824559
0.0827847
0.0893559
0.0937532
0.117612
0.118148
0.130623
