568.115
987.192
1051.92
1085.97
1153.19
1301.03
1488.2
1541.66
1635.95
1959.96
2050.34
2530.48
2686.61
3003.62
3382.56
3485.74
3675.67
3715.36
4140.15
4240.83
4377.42
4609.18
4671.27
5507.4
6202.47
6560.37
7636.07
8220.43
8860.77
9161.83
9604.79
9934.62
10263
11389.3
12158.9
14428.3
14766.6
14828.8
15553.3
17599
18170.7
18238.7
19509.7
20358.9
21301.7
21790.9
22056.9
22345.6
23931
24675.2
25369.9
28911.5
29001.6
29610.5
30613.2
34639.9
35843.1
36545.5
36880.3
39632.6
40100.3
45185.9
45840.5
46141.3
46217
47421.2
48601.5
48800.8
48823.5
49459.2
51782.3
52997.7
55083
55181.4
55328.3
59403
61217.1
66047.9
66576.5
67135.2
68188.8
73390.6
74162
74682.4
75620.3
77923.8
92712
93689.6
98399.1
132091
134067
140185
140585
143841
154779
176683
181679
198012
199719
207344
224309
230920
234794
235576
268441
272625
302975
310195
326993
402553
522435
523358
815100
